18
-25.22968 6.942554 -1.939999
-26.77413 5.67184 -1.939999
-28.31857 4.401128 -1.939999
-26.50041 8.48699 -1.939999
-28.04484 7.216277 -1.939999
-29.58928 5.945564 -1.939999
-27.77112 10.03143 -1.939999
-29.31555 8.760715 -1.939999
-30.86 7.49 -1.94
-25.22968 6.942554 0.06000137
-26.77413 5.67184 0.06000137
-28.31857 4.401128 0.06000137
-26.50041 8.48699 0.06000137
-28.04484 7.216277 0.06000137
-29.58928 5.945564 0.06000137
-27.77112 10.03143 0.06000137
-29.31555 8.760715 0.06000137
-30.86 7.49 0.06000137
-25.14144 12.18887 0.06000137
-23.87072 10.64444 0.06000137
-22.6 9.1 0.06000137
-25.14144  12.18887 -1.939999
-23.87072 10.64444 -1.939999
-22.6 9.1 -1.939999