27
-31.09681 34.00061 -15.03495
-32.34004 35.56726 -15.03494
-33.58327 37.13391 -15.03494
-30.04538 34.835 -13.55228
-31.2886 36.40164 -13.55228
-32.53182 37.96829 -13.55228
-28.99393 35.66937 -12.06962
-30.23714 37.23601 -12.06962
-31.48037 38.80267 -12.06962
-32.25822 33.07897 -13.69266
-33.50145 34.64563 -13.69266
-34.74467 36.21227 -13.69266
-31.20678 33.91336 -12.21
-32.45 35.48 -12.21
-33.69322 37.04664 -12.21
-30.15533 34.74773 -10.72734
-31.39856 36.31437 -10.72734
-32.64178 37.88103 -10.72734
-33.41964 32.15733 -12.35038
-34.66286 33.72399 -12.35038
-35.90607 35.29063 -12.35038
-32.36818 32.99171 -10.86772
-33.6114 34.55836 -10.86772
-34.85462 36.125 -10.86772
-31.31674 33.82609 -9.385058
-32.55996 35.39273 -9.385058
-33.80319 36.95938 -9.385055