27
-14.073 -6.1762 19.641
-22.25 -6.1762 19.641
-30.427 -6.1762 19.641
-14.073 2 19.641
-22.25 2 19.641
-30.427 2 19.641
-14.073 10.176 19.641
-22.25 10.176 19.641
-30.427 10.176 19.641
-14.073 -6.1762 27.817
-22.25 -6.1762 27.817
-30.427 -6.1762 27.817
-14.073 2 27.817
-22.25 2 27.817
-30.427 2 27.817
-14.073 10.176 27.817
-22.25 10.176 27.817
-30.427 10.176 27.817
-14.073 -6.1762 35.993
-22.25 -6.1762 35.993
-30.427 -6.1762 35.993
-14.073 2 35.993
-22.25 2 35.993
-30.427 2 35.993
-14.073 10.176 35.993
-22.25 10.176 35.993
-30.427 10.176 35.993